5.024584574525356E-4
7.895775759968417E-4
0.0010049169149050712
0.0013638158130854538
0.0020816136094462187
0.002978860854897175
0.0038761081003481314
0.0047374654559810495
0.005993611599612389
0.007249757743243728
0.009080142123963679
0.011233535513045975
0.014104726698489035
0.0177296055701109
0.021031475433370417
0.02512292287262678
0.03007572766751606
0.035100312242041416
0.04041201593511108
0.046943975881994046
0.05387072461687543
0.06269963751211284
0.07174388974625848
0.08304920503894053
0.09600545526325234
0.10853102680974769
0.1212001579155152
0.13250547320819725
0.14528227398341886
0.15913577145318164
0.1758963499982055
0.19498977138140186
0.21681082439076912
0.23633492445178195
0.2570792807666081
0.2794386821232459
0.3015827441409755
0.3239062556077953
0.3483113806840613
0.37408032157341276
0.40081828948785125
0.4247209561066647
0.4514230341312852
0.47622294799554965
0.5033557046979866
0.5273660409862542
0.552524853748699
0.5781861249685963
0.6033090478412231
0.6282525212647596
0.6535548935864766
0.6757348454940242
0.6972687793848471
0.7143164770484153
0.7333022287621576
0.7526827692638982
0.7716685209776405
0.7883932096328463
0.8050102286185981
0.8219502566127121
0.8370957901159243
0.8517029752718659
0.8650540142841762
0.8793023005419374
0.8927251193338837
0.9049276818720167
0.916484226393425
0.9269999641101102
0.9339984926246276
0.9403151132326024
0.9466317338405772
0.9531636937874601
0.9590855256074364
0.9646125686394144
0.9692782543157593
0.9734773714244698
0.977425259304454
0.9804041201593512
0.9837777698022467
0.9870078598858701
0.9888382442665901
0.9905609589778559
0.9923195635789398
0.9940422782902056
0.9957291031116534
0.997272368373829
0.9983490650683702
0.9988874134156408
0.9992104224240032
0.9993898718730934
0.9996052112120016
0.9996411011018197
0.9997487707712738
0.9998564404407279
0.9999641101101819
0.9999641101101819
1.0
1.0
1.0
1.0
1.0
1.0
1.0
1.0
1.0
1.0
1.0
1.0
1.0
1.0
1.0
1.0
1.0
1.0
1.0
1.0
1.0
1.0
1.0
1.0
1.0
1.0
1.0
1.0
1.0
1.0
1.0
1.0
1.0
1.0
1.0
1.0
1.0
1.0
1.0
1.0
1.0
1.0
1.0
1.0
1.0
1.0
1.0
1.0
1.0
1.0
1.0
1.0
1.0
1.0
1.0
1.0
1.0
1.0
1.0
1.0
1.0
1.0
1.0
1.0
1.0
1.0
1.0
1.0
1.0
1.0
1.0
1.0
1.0
1.0
1.0
1.0
1.0
1.0
1.0
1.0
1.0
1.0
1.0
1.0
1.0
1.0
1.0
1.0
1.0
1.0
1.0
1.0
1.0
1.0
1.0
1.0
1.0
1.0
1.0
1.0
1.0
1.0
1.0
1.0
1.0
1.0
1.0
1.0
1.0
1.0
1.0
1.0
1.0
1.0
1.0
1.0
1.0
1.0
1.0
1.0
1.0
1.0
1.0
1.0
1.0
1.0
1.0
1.0
1.0
1.0
1.0
1.0
1.0
1.0
1.0
1.0
1.0
1.0
1.0
1.0
1.0
1.0
1.0
1.0
1.0
1.0
1.0
1.0
1.0
1.0
1.0
1.0
1.0
1.0
1.0
1.0
1.0
1.0
1.0
1.0
