0.0
0.0
0.0
0.0
0.0
0.0
0.0
0.0
0.0
0.0
3.588988981803826E-5
1.7944944909019129E-4
5.024584574525356E-4
8.254674658148799E-4
0.0010049169149050712
0.0015073753723576068
0.0022610630585364103
0.0030506406345332518
0.003876108100348132
0.005060474464343394
0.006675519506155116
0.007895775759968417
0.008972472454509564
0.01047984782686717
0.011915443419588702
0.013458708681764346
0.015073753723576068
0.01690413810429602
0.018016724688655204
0.019524100061012812
0.020493127086099846
0.021749273229731185
0.02289774970390841
0.024261565516993863
0.025589491440261278
0.026809747694074577
0.02799411405806984
0.02921437031188314
0.03068585579442271
0.03233679072605247
0.033772386318774
0.03492086279295123
0.036679467394035103
0.03833040232566486
0.04023256648602089
0.04213473064637691
0.043534436349280406
0.044970031942001935
0.046549187093995616
0.048056562466353224
0.04952804794889279
0.05114309299070451
0.05279402792233427
0.0551627606503248
0.05742382370886121
0.059900226106305854
0.06241251839356853
0.06481714101137709
0.06743710296809388
0.06962638624699422
0.07206689875462081
0.07511753938915407
0.07834762947277751
0.0817212791156731
0.084448910741844
0.08746366148655922
0.09058608190072855
0.09446219000107668
0.09837418799124285
0.10289631410831568
0.10777733912356888
0.1142734091806338
0.12008757133115601
0.12669131105767506
0.13175178552201847
0.13756594767254066
0.14244697268779385
0.1481175752790439
0.15339338908229552
0.15892043211427342
0.16477048415461365
0.17141011377095072
0.17783440404837958
0.1843304741054445
0.19158023184868825
0.19886587948175002
0.20590029788608552
0.21343717474787355
0.22136884039766
0.23041309263180565
0.23906255607795288
0.24764023974446403
0.2574022897749704
0.26737967914438504
0.2781466460897965
0.29031331873811145
0.30147507447152133
0.312421490866023
0.323726806158705
0.3360011484764741
0.34881383914151376
0.36352869396690946
0.3804328320712055
0.3960090442522341
0.4116929261027168
0.4252234145641172
0.4379284355597028
0.4515307038007393
0.46707102609194984
0.48375982485733765
0.5003050640634533
0.5169579729390231
0.5324982952302337
0.5486128557585329
0.5644761870581059
0.5809137565947674
0.5976743351397913
0.6137171158884543
0.6294009977389371
0.6441517424541509
0.6587948174999104
0.6757348454940245
0.6927107633779566
0.7108351577360659
0.7290672217636293
0.7467609374439221
0.7651006711409397
0.7843735419732263
0.8031439543480603
0.8227757240785272
0.8419409252413596
0.8587015037863834
0.8748878440943186
0.8900333775975308
0.90431755374511
0.9187093995621434
0.9304453935326419
0.9420019380540502
0.9510103003983778
0.9598751031834332
0.9670530811470408
0.9723647848401105
0.9771381401859095
0.98133725729462
0.9852133653949681
0.9886587948174997
0.9915658758927608
0.9938987187309333
0.9956214334421991
0.9970929189247387
0.9979542762803716
0.9988515235258225
0.9994257617629111
0.9996769909916373
0.9997846606610914
0.9998564404407275
0.9999641101101816
0.9999999999999997
0.9999999999999997
0.9999999999999997
0.9999999999999997
0.9999999999999997
0.9999999999999997
0.9999999999999997
0.9999999999999997
0.9999999999999997
0.9999999999999997
0.9999999999999997
0.9999999999999997
0.9999999999999997
0.9999999999999997
0.9999999999999997
0.9999999999999997
0.9999999999999997
0.9999999999999997
0.9999999999999997
0.9999999999999997
0.9999999999999997
0.9999999999999997
0.9999999999999997
0.9999999999999997
0.9999999999999997
0.9999999999999997
0.9999999999999997
0.9999999999999997
0.9999999999999997
0.9999999999999997
0.9999999999999997
0.9999999999999997
0.9999999999999997
0.9999999999999997
0.9999999999999997
0.9999999999999997
0.9999999999999997
0.9999999999999997
0.9999999999999997
0.9999999999999997
0.9999999999999997
0.9999999999999997
0.9999999999999997
0.9999999999999997
0.9999999999999997
0.9999999999999997
0.9999999999999997
0.9999999999999997
0.9999999999999997
0.9999999999999997
0.9999999999999997
0.9999999999999997
0.9999999999999997
0.9999999999999997
0.9999999999999997
0.9999999999999997
0.9999999999999997
0.9999999999999997
0.9999999999999997
0.9999999999999997
0.9999999999999997
0.9999999999999997
0.9999999999999997
0.9999999999999997
0.9999999999999997
0.9999999999999997
0.9999999999999997
0.9999999999999997
0.9999999999999997
0.9999999999999997
0.9999999999999997
0.9999999999999997
0.9999999999999997
0.9999999999999997
0.9999999999999997
0.9999999999999997
0.9999999999999997
0.9999999999999997
0.9999999999999997
0.9999999999999997
0.9999999999999997
0.9999999999999997
0.9999999999999997
0.9999999999999997
0.9999999999999997
0.9999999999999997
0.9999999999999997
0.9999999999999997
0.9999999999999997
0.9999999999999997
0.9999999999999997
0.9999999999999997
0.9999999999999997
0.9999999999999997
0.9999999999999997
0.9999999999999997
0.9999999999999997
0.9999999999999997
0.9999999999999997
